password
12345678
11111111
88888888
87654321
12344321
12341234
01012011
69696969
11223344
12121212
98765432
55555555
77777777
00000000
01011980
99999999
22222222
01012000
21122112
31415926
01011990
13131313
66666666
51505150
11235813
14789632
01012010
44444444
25802580
33333333
19841984
12369874
12312312
19921992
11112222
01012001
23232323
10101010
19871987
19891989
01011991
15426378
19751975
19851985
19911991
01011985
73501505
19941994
19781978
01011970
01011981
19861986
01011986
19931993
19901990
21212121
19831983
19951995
13243546
78945612
18436572
20102010
12131415
01011989
01011988
19721972
19691969
20002000
01011987
01011984
19881988
19741974
19731973
03082006
02071986
20012001
10203040
01011910
12345679
19821982
19811981
19411945
14725836
01091989
01011992
25252525
02071982
01234567
01011975
01011993
12301230
19961996
19791979
02091987
02021987
19801980
02081988
02051986
02041986
02011985
01011977
12011987
02101985
02031986
02021988
24682468
02061985
02011987
02091986
02021986
01011983
02081987
02081984
02061986
02021984
01011982
02031984
02021985
21031988
02081989
02011986
01020304
01011999
19771977
19761976
02061989
02041984
02021983
15151515
02051983
02041983
02031987
02021989
11221122
02081986
02041988
02041987
02041982
02011988
09876543
02101984
02081985
02071984
02011980
01011979
14141414
02021982
24242424
12365478
02061988
02031985
02081982
02051982
02061980
02031982
02011984
20202020
02091983
02061987
01081989
12051988
05051987
02101989
02101987
02071987
02071980
02041985
19711971
02091984
02091981
02091980
02061983
02041981
01011900
22041987
20022002
05051985
02081977
02071988
02051988
02051987
02041979
26061987
15051981
08031986
02061984
02061982
02051989
02051984
02031981
21031987
13041988
11051987
10011986
06061986
02091985
02021981
02021979
01031988
02101986
02081983
02041989
02011989
01011978
74108520
30051985
24061986
22021989
21011989
20061988
14061991
13041987
12021988
11081989
03041991
02071981
02031979
02021976
01061990
01011960
23456789
23041987
19701970
18011987
07071987
02091989
02071989
02071983
02021973
02011981
01121986
01071986
28041987
25081988
24011985
20111986
19651965
19101987
19061987
14111986
13031987
12121990
10071987
10031988
02101988
02081980
02021990
01091987
01041985
01011995
28021992
25800852
22011988
19971997
17051988
14021985
13061986
12121985
11061985
10101986
10051987
10011990
09051945
08121986
04041991
03041986
02101983
02101981
02031989
02031980
01121988
30041986
29071983
29051989
29011985
28021990
28011987
27061988
25121987
25031987
22021986
21031990
20091991
20031987
19681968
17061988
16051989
16051987
11051990
08051990
05051989
04041988
02051980
02051976
02041980
02031977
02011983
01061986
01041988
01011994
31011987
30031988
22071986
21101986
21051991
20091988
20051988
19661966
18091985
18061990
15101986
15051990
15011987
13121985
12031987
12031985
11121986
08081988
08031985
03031986
02101979
02071979
02071978
02051985
02051978
02051973
02041975
02041974
02031988
02011982
01031989
01011974
30041987
27081990
26031988
25091987
25041988
24111989
23021986
22041988
22031984
21051988
17011987
16121987
15021985
14021986
13021990
10101990
10041986
07091990
02051981
01031985
01021990
31031988
25091990
25011990
24111987
23031990
22061988
21011991
21011988
19283746
19031985
19011989
18091986
17111985
16051988
15071987
14081985
13071984
12081985
11021985
10071988
09021988
05061990
02051972
02041978
02031983
01091985
01031984
01012009
30081984
25101988
23051985
23041986
23021989
22121987
22091988
22071987
22021988
20052005
19051987
15041988
15011985
14021990
14011986
13051987
13011988
13011987
12061988
12041988
12041986
11071988
11031988
10081989
08081986
07071990
07071977
05071984
04041983
03021986
02091988
02081976
02051977
02031978
01071987
01041987
01011976
30041985
29071985
29061990
27071987
27061985
27041990
26031990
24031988
23051990
22011986
21061986
20121989
20092009
20091986
20081991
20041988
20041986
19671967
19121989
19061990
18101987
18051988
18041986
18021984
17101986
17061989
17041991
16021990
15071988
15071986
14101987
13061987
12071989
11121985
11061991
10121987
10101985
10031987
09041987
09031988
06041988
05071988
03081989
02071985
02071975
01051989
01041992
01041990
30011985
29051985
26061985
25111987
25071990
22081986
22061989
21061985
20082008
20021988
19981998
16051985
15111988
15051985
15021990
14041988
12121988
12051990
12051986
12041990
11091989
11051986
11051984
10061986
06081987
06021987
04041990
02081981
02061977
02041977
02031975
01121987
01061988
01031986
01021989
01021988
29061989
28051987
27081986
25061985
25011986
24091986
24061988
24031990
21081987
21041992
20031991
19061985
18111987
18021988
17071989
17031987
16051990
15021986
14031988
14021987
14011989
11011990
10011983
09021989
07051990
06051986
05091988
05081988
04061986
04041985
03041980
02101976
02071976
02061976
02011975
01031983
28051986
28021985
27031989
26021987
25101989
25061986
25041985
25011985
24061987
23021985
23011985
22121986
22121983
22081983
22071989
22061987
22061941
22041986
22021985
21021985
20031988
19101990
19071988
19071986
18061985
18051990
17071985
16111990
16061986
16011989
15081991
15051987
14071987
13031986
12101988
12081984
12071987
11121987
11081987
11071985
11011991
08071987
08061987
05061986
04061991
03111987
03071987
02091976
02081979
02041976
02031973
02021991
02021980
02021971
31121990
30121987
29121987
29111989
29081990
29081985
29051990
27272727
27091985
27031987
26031987
26031984
24051990
23061990
22061990
22041985
22031991
22021990
21111985
21041985
20021986
19071990
19051986
19011987
17171717
17061986
17041987
16101987
16031990
15091987
15081988
15071985
15011986
14101988
14071988
14051990
14021983
13111990
12121987
12121982
12061986
12011989
11111987
11081990
10111986
10031991
09090909
08051987
08041986
05051990
04081987
04051988
03061987
03031993
03031988
02101980
02101977
02091977
02091975
02061979
02051975
01081990
01061987
01011971
45454545
31011990
29011987
28071986
28021986
27051987
27011988
26051988
26041991
26041986
25011993
24121986
24061992
24021991
24011990
23051986
23021988
23011990
21121986
21111990
21071989
20071986
20051985
20011989
19111987
19091988
18041990
18021986
18011986
17101987
17091987
17021985
17011990
16061985
15051986
14881488
14121989
14081988
14071986
13111984
12121989
12101985
12051985
11071986
11011987
10293847
10081985
10061987
10041983
07091982
07081986
06061987
06041987
06031983
04091986
03071986
03051987
03051986
03031990
03011987
02101978
02091973
02081974
02071977
02071971
01051988
01051986
01011973
43214321
31121988
31121987
30061987
30011986
29041985
28121984
28061986
28041992
28031982
27111985
27021991
26111985
26101986
26091986
26031986
25021988
24111990
24101986
24071987
24011987
23051991
23051987
23031987
22071983
22051986
21101989
21071987
21051986
20081986
20061986
20031986
20021985
20011988
19641964
19111986
19101986
19021990
18051987
18031991
18021987
16111982
16011987
15111984
15091988
15061988
15031988
15021983
14021989
14011988
14011987
12348765
12111990
12091988
12051989
12051987
12031988
12021985
12011985
11111986
11091984
11071989
10071985
10061984
10041990
10031989
10011988
06071983
05021988
03041987
02091982
02091971
02061974
02051990
02051979
02011990
01051990
01021985
31031987
30111987
30071986
30061983
30051989
30041991
28071987
28051990
28051985
27041985
26071987
26061986
26051986
25121985
25051985
24081988
24041988
24031987
24021988
23121986
23091987
23071985
23061992
22111985
22091986
22081991
22071990
22061985
21081985
21071992
21021987
20101988
20061984
20051989
20041990
19091990
19031987
18121984
18081988
18061991
18041991
18011988
17061991
17021987
16031988
16021987
15091989
15081990
15071983
15041987
14091990
14081990
14041992
14041987
14031989
13081985
13021987
12081983
12021991
11101986
11081988
11061989
11041991
11011989
10121986
10121985
10101989
10041991
09091986
09081988
09051986
08071988
08011986
07101987
07071985
06061985
06011988
05031991
05021987
04061984
04051985
02101973
02061981
02061972
02041973
02011979
01101987
01051985
01021987
31101987
31051985
30121986
30091989
30031992
30031986
30011987
29061988
29061985
29031988
28061988
27061983
27031986
27021990
26101987
26071989
26071986
25081986
25061987
25051987
25041991
24101989
24071991
23111987
23091986
23051983
23031986
22121989
22071991
22051991
22011985
21121985
21031985
20121988
20121986
20061990
20051987
19091983
19061992
19021991
18121987
18121983
18111986
16121986
16091987
16071991
16071987
15111989
15031990
14041986
13121983
13101987
13091984
13071990
12211221
12121991
12121986
12101990
12101984
12091991
12081988
12071990
12071988
11041990
10081990
10081983
10071990
10061989
10011992
09111987
09081985
08121987
08111984
08101986
08051989
07091988
07081987
07071988
07071984
07071982
07051987
06031992
05111986
05051991
05031990
05011987
04111988
04061987
04041987
02081973
02061978
02031991
02031990
02011976
01071984
01041980
01021992
66613666
44332211
31071990
31051993
30051987
30011990
29091987
29061986
29011982
28101986
28081990
28081986
28011988
27111989
27031992
27021992
26081986
25081985
25031991
25031983
24121987
24091991
23111989
23091989
23091985
23061989
22091991
22071985
22071984
22061984
22051989
22051987
22031986
22011992
21061988
21031984
20071988
20061983
20041985
19991999
19061991
18101985
18051989
18031988
18021992
18011985
17051990
17051989
17051987
17021989
16091988
16081986
16061988
16061987
15121987
15091985
15081986
15061985
15011983
14101986
13071987
13061985
13021985
12131213
12111991
12111985
12081990
12081987
12071991
11071987
11051988
11031983
10091984
10071989
10071986
10061985
10051990
10041987
10031993
10031990
09091988
09051987
09041986
08081990
08081989
08021990
07101984
07071989
07041987
07031989
07021991
06061981
06021986
05121990
05061988
05031987
04071988
04071986
04041986
03101991
03091983
03051988
03041983
03031992
02081970
02061971
02051970
02041972
02031974
02021978
02011977
01121990
01091992
01081992
01081985
01011972
31121986
31121985
31051991
31051987
30121988
30121985
30101988
30061988
29041988
27091991
26121989
26061989
26031991
25111991
25031984
25021986
24121989
24121988
24101990
24101984
24071992
24051989
24041986
23091991
23061987
23041988
23021992
23021983
22111988
22091990
22091984
22051988
21111986
21101988
21101987
21091989
21051990
21021989
20101987
20071984
20051983
20031990
20031985
20011983
19111985
19081987
19051983
19041985
18121990
18121985
18121812
18091987
17121985
17111987
17071987
17071986
17061987
17041986
17041985
16121991
16101986
16041988
16041985
16031986
16021988
16011986
15121983
15101991
15061984
15011988
14091987
14061988
14051983
13101992
13101988
13101982
13071989
13071985
13061991
13051990
13031989
12101989
12071984
12061987
12041991
12031990
12021984
11091986
11091985
11081986
10101988
10101980
10091986
10091985
10081987
10051988
10021987
10021986
09041985
09031987
08041985
08031987
07061988
07041989
07021980
06011982
05121988
05061989
05051986
04031991
03071985
03061986
03061985
03031987
03031984
03011991
02111987
02061990
02011971
01091988
01071990
01061983
01051980
01022010
31051982
30051988
30051986
29111988
29051992
29041989
29031990
28121989
28071985
28021983
27111990
27071988
26071984
26061991
26021992
26011990
26011986
25091991
25091989
25081989
25071987
25071985
25071983
25051988
25051980
25041987
25021985
24101991
24101988
24071990
24061985
24041985
24041984
23111986
23101987
23041991
23031983
22071992
22071988
21121989
21111989
21111983
21101983
21041991
21041987
21031986
21021990
21021988
20081990
20061991
20061987
20032003
20031992
19121988
19081986
19071989
19041986
18111983
18071990
18071989
18071986
18031986
17121987
17091985
17071990
17051983
16091990
15081989
15071990
15051992
15051989
15031991
15011990
14031986
13091988
13091987
13091986
13081986
13071982
13051986
13041989
13021991
12111984
12091986
12081993
12071992
12021990
11111991
11091990
11061987
11061986
11061984
11041985
11031986
10041984
10031980
10011980
09051984
08071985
07081984
07041988
06101989
06061988
06041984
05091987
05081992
05081986
05071985
05041985
04111991
04071987
04021990
03091988
03061988
03041989
03041984
03031991
02091978
01071988
01061992
01041993
01041983
01031981
